header:
  seq: 0
  stamp:
    secs: 0
    nsecs: 0
  frame_id: ''
width: 1920
height: 1080
distortion_model: plumb_bob
D: [0.0, 0.0, 0.0, 0.0, 0.0]
K: [6172.22831929015, 0.0, 960, 0.0, 6172.22858210527, 540, 0.0, 0.0, 1.0]
R: [1.0, 0.0, 0.0, 0.0, 1.0, 0.0, 0.0, 0.0, 1.0]
P: [6172.22831929015, 0.0, 960, 0.0, 0.0, 6172.22858210527, 540, 0.0, 0.0, 0.0, 1.0, 0.0]
binning_x: 0
binning_y: 0
roi:
  x_offset: 0
  y_offset: 0
  height: 0
  width: 0
  do_rectify: False
